text,query,country,city,userId,username,quote_count,reply_count,retweet_count,favorite_count,timestamp,createdAt
"Meu apoio ao Presidente do STF, Ministro Luiz Fux. As ofensas deferidas pelo Presidente da República contra a Supre… https://t.co/kUIFzPFjzF",64706049,,,64706049,jdoriajr,,,266,5220,Thu Aug 05 2021 21:49:53 GMT-0300 (Brasilia Standard Time),Thu Aug 05 2021 19:55:59 GMT-0300 (Brasilia Standard Time)
"O Governo de SP está fazendo o maior investimento da história para promover o turismo no estado. Apenas esse ano, s… https://t.co/hcBzDo3VoK",64706049,,,64706049,jdoriajr,,,41,641,Thu Aug 05 2021 21:49:53 GMT-0300 (Brasilia Standard Time),Thu Aug 05 2021 15:52:41 GMT-0300 (Brasilia Standard Time)
"Concordo, @mqueiroga2. O melhor caminho é o Gov. Federal cumprir o combinado e enviar imediatamente as vacinas que… https://t.co/t6Y1wTAxYU",64706049,,,64706049,jdoriajr,,,375,4961,Thu Aug 05 2021 21:49:53 GMT-0300 (Brasilia Standard Time),Thu Aug 05 2021 12:54:37 GMT-0300 (Brasilia Standard Time)
"Parabéns, Pedro Barros! 🥈 no skate park em Tóquio. Ao lado de Kelvin Hoefler e Rayssa Leal, o skate trouxe três med… https://t.co/4UzIRSYlX9",64706049,,,64706049,jdoriajr,,,38,1475,Thu Aug 05 2021 21:49:53 GMT-0300 (Brasilia Standard Time),Thu Aug 05 2021 10:06:39 GMT-0300 (Brasilia Standard Time)
Estão criando factoides para tentar justificar o injustificável. Parem de mentir e entreguem as vacinas da populaçã… https://t.co/luah8pJA8j,64706049,,,64706049,jdoriajr,,,353,3953,Thu Aug 05 2021 21:49:53 GMT-0300 (Brasilia Standard Time),Thu Aug 05 2021 09:38:00 GMT-0300 (Brasilia Standard Time)
"Bom dia, pessoal. Recebemos nesta madrugada mais 4 mil litros de insumos para produzir 8 milhões de doses da vacina… https://t.co/Rs9qHkIlke",64706049,,,64706049,jdoriajr,,,155,3645,Thu Aug 05 2021 21:49:53 GMT-0300 (Brasilia Standard Time),Thu Aug 05 2021 06:36:45 GMT-0300 (Brasilia Standard Time)
Mais um importante indicador de recuperação da economia de São Paulo. Abertura de novas empresas significa mais emp… https://t.co/6kPfoeVUEY,64706049,,,64706049,jdoriajr,,,43,749,Thu Aug 05 2021 21:49:53 GMT-0300 (Brasilia Standard Time),Wed Aug 04 2021 20:08:44 GMT-0300 (Brasilia Standard Time)
"Dados da última semana do combate à Covid-19 em SP:

💉Queda de internações pela 7ª semana consecutiva;
💉Queda de 14… https://t.co/b6liKVq8Dr",64706049,,,64706049,jdoriajr,,,204,4041,Thu Aug 05 2021 21:49:53 GMT-0300 (Brasilia Standard Time),Wed Aug 04 2021 18:46:14 GMT-0300 (Brasilia Standard Time)
O Ministério da Saúde não pode boicotar SP. Nosso estado não virou as costas para o Brasil. Já entregamos 65 milhõe… https://t.co/Z6xO4PliZQ,64706049,,,64706049,jdoriajr,,,572,6700,Thu Aug 05 2021 21:49:53 GMT-0300 (Brasilia Standard Time),Wed Aug 04 2021 15:39:18 GMT-0300 (Brasilia Standard Time)
O Ministério da Saúde deixou de entregar 228 mil doses que estavam planejadas. Isso pode atrasar a vacinação de 228… https://t.co/xTjfs7KjSy,64706049,,,64706049,jdoriajr,,,617,10149,Thu Aug 05 2021 21:49:53 GMT-0300 (Brasilia Standard Time),Wed Aug 04 2021 12:51:32 GMT-0300 (Brasilia Standard Time)
"SP não aceitará boicotes do Gov. Federal!
Ontem recebemos metade das doses de vacinas da Pfizer previstas. O argume… https://t.co/GeA9mtTaFj",64706049,,,64706049,jdoriajr,,,2389,35453,Thu Aug 05 2021 21:49:53 GMT-0300 (Brasilia Standard Time),Wed Aug 04 2021 12:51:31 GMT-0300 (Brasilia Standard Time)
RT @governosp: https://t.co/9su8wlit5t,64706049,,,64706049,jdoriajr,,,14,0,Thu Aug 05 2021 21:49:53 GMT-0300 (Brasilia Standard Time),Wed Aug 04 2021 12:44:36 GMT-0300 (Brasilia Standard Time)
"Vem mais notícia boa aí! 

Acompanhe a coletiva de imprensa de hoje com anúncios importantes sobre o cronograma de… https://t.co/NWseTXa8di",64706049,,,64706049,jdoriajr,,,34,668,Thu Aug 05 2021 21:49:53 GMT-0300 (Brasilia Standard Time),Wed Aug 04 2021 11:33:56 GMT-0300 (Brasilia Standard Time)
"Em parceria com prefeituras, lançamos o programa Sudoeste + 10. Ação de um governo municipalista, que vai investir… https://t.co/lopmbhRUdC",64706049,,,64706049,jdoriajr,,,25,407,Thu Aug 05 2021 21:49:53 GMT-0300 (Brasilia Standard Time),Wed Aug 04 2021 10:11:07 GMT-0300 (Brasilia Standard Time)
Mais 2 milhões de doses da Vacina do Butantan enviadas ao Ministério da Saúde. Já são cerca de 65 milhões de doses… https://t.co/z8GFCZMNxH,64706049,,,64706049,jdoriajr,,,139,2561,Thu Aug 05 2021 21:49:53 GMT-0300 (Brasilia Standard Time),Wed Aug 04 2021 08:57:07 GMT-0300 (Brasilia Standard Time)
Parabéns Ana Marcela! Muito fôlego e braçadas de ouro que orgulham o Brasil! 🥇👏👏👏🇧🇷,64706049,,,64706049,jdoriajr,,,33,2335,Thu Aug 05 2021 21:49:53 GMT-0300 (Brasilia Standard Time),Tue Aug 03 2021 23:02:31 GMT-0300 (Brasilia Standard Time)
"RT @correio: Doria anuncia ampliação de 'Vale Gás' para mais de 2 milhões de pessoas.
https://t.co/DGXzYFPMif https://t.co/0sYB77Ixaf",64706049,,,64706049,jdoriajr,,,30,0,Thu Aug 05 2021 21:49:53 GMT-0300 (Brasilia Standard Time),Tue Aug 03 2021 22:12:12 GMT-0300 (Brasilia Standard Time)
"Até 2022 vamos ter 20 Praças da Cidadania em funcionamento. São espaços destinados ao lazer, cultura, qualificação… https://t.co/4mvw9Ei1ff",64706049,,,64706049,jdoriajr,,,33,610,Thu Aug 05 2021 21:49:53 GMT-0300 (Brasilia Standard Time),Tue Aug 03 2021 22:09:47 GMT-0300 (Brasilia Standard Time)
A maturidade do adolescente que perdeu o pai e ensina ao Presidente da República o significado do amor. Tomas Covas… https://t.co/eEMG0KE9WD,64706049,,,64706049,jdoriajr,,,2397,33816,Thu Aug 05 2021 21:49:53 GMT-0300 (Brasilia Standard Time),Tue Aug 03 2021 16:09:25 GMT-0300 (Brasilia Standard Time)
Anunciamos a ampliação do programa Vale Gás para atender mais de 2 milhões de pessoas em vulnerabilidade em todo o… https://t.co/Z1nFT3vG8h,64706049,,,64706049,jdoriajr,,,43,674,Thu Aug 05 2021 21:49:53 GMT-0300 (Brasilia Standard Time),Tue Aug 03 2021 14:02:09 GMT-0300 (Brasilia Standard Time)
Recuperamos e reinauguramos o Museu da Língua Portuguesa. Estamos fazendo a restauração e ampliação do novo Museu d… https://t.co/tcTRToe9GA,64706049,,,64706049,jdoriajr,,,91,1444,Thu Aug 05 2021 21:49:53 GMT-0300 (Brasilia Standard Time),Tue Aug 03 2021 12:39:56 GMT-0300 (Brasilia Standard Time)
"O Brasil perdeu o ex-ministro da Cultura e prof. da USP Francisco Weffort, exemplo de gestor público e intelectual.… https://t.co/opJgTeiAvW",64706049,,,64706049,jdoriajr,,,24,623,Thu Aug 05 2021 21:49:53 GMT-0300 (Brasilia Standard Time),Tue Aug 03 2021 10:07:13 GMT-0300 (Brasilia Standard Time)
Parabéns ao boxeador Abner Teixeira! 🥉no ringue de Tóquio! 👏👏👏🇧🇷,64706049,,,64706049,jdoriajr,,,28,1410,Thu Aug 05 2021 21:49:53 GMT-0300 (Brasilia Standard Time),Tue Aug 03 2021 09:50:48 GMT-0300 (Brasilia Standard Time)
A aceleração do crescimento econômico de São Paulo está gerando empregos e ajudando na retomada da economia brasile… https://t.co/CPukMws51r,64706049,,,64706049,jdoriajr,,,34,499,Thu Aug 05 2021 21:49:53 GMT-0300 (Brasilia Standard Time),Tue Aug 03 2021 09:21:42 GMT-0300 (Brasilia Standard Time)
Martine Grael e Kahena Kunze deram show no mar de Tóquio🥇! Parabéns às nossas velejadoras bi-campeãs olímpicas! 👏🏻👏🏻👏🏻🇧🇷,64706049,,,64706049,jdoriajr,,,57,2420,Thu Aug 05 2021 21:49:53 GMT-0300 (Brasilia Standard Time),Tue Aug 03 2021 01:12:38 GMT-0300 (Brasilia Standard Time)
Parabéns Alison dos Santos! Mais uma medalha 🥉 para o Brasil no atletismo em Tóquio! 👏🏻👏🏻👏🏻🇧🇷,64706049,,,64706049,jdoriajr,,,107,4520,Thu Aug 05 2021 21:49:53 GMT-0300 (Brasilia Standard Time),Tue Aug 03 2021 00:33:05 GMT-0300 (Brasilia Standard Time)
"Obrigado @monark e @igor_3k. Adorei participar do @flowpdc! 
👖 https://t.co/zTAyekv9az",64706049,,,64706049,jdoriajr,,,63,3360,Thu Aug 05 2021 21:49:53 GMT-0300 (Brasilia Standard Time),Tue Aug 03 2021 00:18:27 GMT-0300 (Brasilia Standard Time)
"Ao vivo no FLOW.

Segue o link: https://t.co/bWDAN7CGzN",64706049,,,64706049,jdoriajr,,,35,474,Thu Aug 05 2021 21:49:53 GMT-0300 (Brasilia Standard Time),Mon Aug 02 2021 20:43:18 GMT-0300 (Brasilia Standard Time)
Bastidores do FLOW. Daqui a pouco ao vivo! https://t.co/QmWrwHhfmt,64706049,,,64706049,jdoriajr,,,49,1449,Thu Aug 05 2021 21:49:53 GMT-0300 (Brasilia Standard Time),Mon Aug 02 2021 20:24:19 GMT-0300 (Brasilia Standard Time)
"Boas notícias para a região do ABC

Acabamos de entregar 116 novos ônibus da EMTU. Modernização da frota para atend… https://t.co/oE7igdwzJQ",64706049,,,64706049,jdoriajr,,,30,469,Thu Aug 05 2021 21:49:53 GMT-0300 (Brasilia Standard Time),Mon Aug 02 2021 19:14:18 GMT-0300 (Brasilia Standard Time)
"A desumanidade de Bolsonaro, agredindo de forma covarde Bruno Covas, só demonstra ainda mais sua falta de respeito… https://t.co/IEPAMA8M48",64706049,,,64706049,jdoriajr,,,1795,26084,Thu Aug 05 2021 21:49:53 GMT-0300 (Brasilia Standard Time),Mon Aug 02 2021 17:41:44 GMT-0300 (Brasilia Standard Time)
"Anunciamos hoje mais 10 hospitais veterinários, no programa Meu Pet. Duas unidades já estão sendo construídas e fic… https://t.co/8YsFy5PlyU",64706049,,,64706049,jdoriajr,,,261,3093,Thu Aug 05 2021 21:49:53 GMT-0300 (Brasilia Standard Time),Mon Aug 02 2021 15:43:48 GMT-0300 (Brasilia Standard Time)
"Hoje tem Calça Apertada no Flow 👖

Estarei ao vivo, a partir das 20h00, com a equipe divertidíssima do @flowpdc. O… https://t.co/MGalKwTOlJ",64706049,,,64706049,jdoriajr,,,170,5087,Thu Aug 05 2021 21:49:53 GMT-0300 (Brasilia Standard Time),Mon Aug 02 2021 13:31:15 GMT-0300 (Brasilia Standard Time)
#Planejamento #Trabalho #Gestão https://t.co/R8DkbcWY4K,64706049,,,64706049,jdoriajr,,,181,2635,Thu Aug 05 2021 21:49:53 GMT-0300 (Brasilia Standard Time),Mon Aug 02 2021 11:23:10 GMT-0300 (Brasilia Standard Time)
"Bom dia, pessoal. Por aqui o trabalho começou cedo. Estamos juntos em mais uma reunião de secretários e presidentes… https://t.co/RVDskVPEAG",64706049,,,64706049,jdoriajr,,,49,1799,Thu Aug 05 2021 21:49:53 GMT-0300 (Brasilia Standard Time),Mon Aug 02 2021 08:41:01 GMT-0300 (Brasilia Standard Time)
"Mais vacinas para os brasileiros💉

Acaba de chegar ao Brasil mais 2 mil litros de insumos da Vacina do Butantan. Do… https://t.co/ORyUJzXb9F",64706049,,,64706049,jdoriajr,,,186,5313,Thu Aug 05 2021 21:49:53 GMT-0300 (Brasilia Standard Time),Sun Aug 01 2021 22:12:16 GMT-0300 (Brasilia Standard Time)
Hoje vai ao ar minha entrevista para o Canal Livre da Band. Às 20h na BandNews TV e meia-noite na tela da Band. Aco… https://t.co/vucyHRfXng,64706049,,,64706049,jdoriajr,,,29,468,Thu Aug 05 2021 21:49:53 GMT-0300 (Brasilia Standard Time),Sun Aug 01 2021 19:58:37 GMT-0300 (Brasilia Standard Time)
"Agradeço o apoio das empresas EDP, Grupo Globo , grupo Itaú Unibanco, Sabesp, EMAE, Fundação Calouste Gulbenkian, E… https://t.co/UThgCBBsL6",64706049,,,64706049,jdoriajr,,,38,971,Thu Aug 05 2021 21:49:53 GMT-0300 (Brasilia Standard Time),Sun Aug 01 2021 19:57:20 GMT-0300 (Brasilia Standard Time)
"Gratificante ver esse projeto grandioso saindo do papel. É o resgate da nossa história, da nossa cultura. Venham vi… https://t.co/JVy6UZPskB",64706049,,,64706049,jdoriajr,,,112,1848,Thu Aug 05 2021 21:49:53 GMT-0300 (Brasilia Standard Time),Sun Aug 01 2021 19:57:11 GMT-0300 (Brasilia Standard Time)
"Prepara o braço, molecada 💪💉 https://t.co/VbuOw4RbEP",64706049,,,64706049,jdoriajr,,,246,4992,Thu Aug 05 2021 21:49:53 GMT-0300 (Brasilia Standard Time),Sun Aug 01 2021 14:19:15 GMT-0300 (Brasilia Standard Time)
"Sonho realizado do nosso querido chefe de cozinha do Palácio dos Bandeirantes, Armando, carinhosamente chamado de P… https://t.co/WwJTOMqNya",64706049,,,64706049,jdoriajr,,,122,2850,Thu Aug 05 2021 21:49:53 GMT-0300 (Brasilia Standard Time),Sun Aug 01 2021 11:22:34 GMT-0300 (Brasilia Standard Time)
"Parabéns, Rebeca Andrade👏👏
Saltou para a história em Tóquio e levou ouro🥇. Se tornou a 1ª brasileira a ganhar duas… https://t.co/B5mwcQHqsN",64706049,,,64706049,jdoriajr,,,344,8632,Thu Aug 05 2021 21:49:53 GMT-0300 (Brasilia Standard Time),Sun Aug 01 2021 08:59:06 GMT-0300 (Brasilia Standard Time)
"Festa brasileira nas piscinas de Tóquio!
Parabéns, Bruno Fratus 🥉👏🏻👏🏻👏🏻 🇧🇷",64706049,,,64706049,jdoriajr,,,44,2826,Thu Aug 05 2021 21:49:53 GMT-0300 (Brasilia Standard Time),Sun Aug 01 2021 03:21:40 GMT-0300 (Brasilia Standard Time)
"Em breve, vamos chegar a 21 km nesta nova ciclovia ao longo do Rio Pinheiros, que está sendo limpo e despoluído. É… https://t.co/gm9qCHJZ0e",64706049,,,64706049,jdoriajr,,,35,978,Thu Aug 05 2021 21:49:53 GMT-0300 (Brasilia Standard Time),Sat Jul 31 2021 20:40:55 GMT-0300 (Brasilia Standard Time)
Inauguramos a segunda etapa da iluminação inteligente na Ciclovia do Novo Rio Pinheiros. Agora são 10 km de ilumina… https://t.co/lV9ESPRtcq,64706049,,,64706049,jdoriajr,,,133,2629,Thu Aug 05 2021 21:49:53 GMT-0300 (Brasilia Standard Time),Sat Jul 31 2021 20:40:45 GMT-0300 (Brasilia Standard Time)
Uma honra contar com a participação destes dois Chefes de Estado e dois grandes Estadistas brasileiros na reabertur… https://t.co/enE94SfKAQ,64706049,,,64706049,jdoriajr,,,72,1667,Thu Aug 05 2021 21:49:53 GMT-0300 (Brasilia Standard Time),Sat Jul 31 2021 18:51:53 GMT-0300 (Brasilia Standard Time)
"Agradeço a visita do Presidente de Portugal, Marcelo Rebelo, e do Presidente do Cabo Verde, Jorge Fonseca, assim co… https://t.co/7ZgOW2CKZt",64706049,,,64706049,jdoriajr,,,221,4407,Thu Aug 05 2021 21:49:53 GMT-0300 (Brasilia Standard Time),Sat Jul 31 2021 18:51:52 GMT-0300 (Brasilia Standard Time)
"Compartilho trecho da reunião com o Secretário de Estado dos EUA, John Kerry, sobre a cooperação de Governadores do… https://t.co/ZKB8WoYbvE",64706049,,,64706049,jdoriajr,,,158,2055,Thu Aug 05 2021 21:49:53 GMT-0300 (Brasilia Standard Time),Sat Jul 31 2021 17:59:36 GMT-0300 (Brasilia Standard Time)
"Fruto do esforço conjunto do Governo de SP e da iniciativa privada. Parceria que fez da tragédia o renascimento, da… https://t.co/IaTc1gzJmc",64706049,,,64706049,jdoriajr,,,43,963,Thu Aug 05 2021 21:49:53 GMT-0300 (Brasilia Standard Time),Sat Jul 31 2021 16:42:36 GMT-0300 (Brasilia Standard Time)
O primeiro museu do mundo dedicado totalmente a um idioma está de volta. O Museu da Língua Portuguesa retornou aind… https://t.co/SQSyGyTbkF,64706049,,,64706049,jdoriajr,,,160,2560,Thu Aug 05 2021 21:49:53 GMT-0300 (Brasilia Standard Time),Sat Jul 31 2021 16:42:28 GMT-0300 (Brasilia Standard Time)
"RT @BandJornalismo: O governador de São Paulo, João Doria (@jdoriajr), é o convidado do #CanalLivre desse domingo (1º). Com apresentação de…",64706049,,,64706049,jdoriajr,,,21,0,Thu Aug 05 2021 21:49:53 GMT-0300 (Brasilia Standard Time),Sat Jul 31 2021 13:16:25 GMT-0300 (Brasilia Standard Time)
"Prepara o braço, molecada!💉💪

O Butantan solicitou à Anvisa autorização para incluir crianças e adolescentes, de 3… https://t.co/c9z5zE5IVK",64706049,,,64706049,jdoriajr,,,1283,21776,Thu Aug 05 2021 21:49:53 GMT-0300 (Brasilia Standard Time),Sat Jul 31 2021 10:14:18 GMT-0300 (Brasilia Standard Time)
Parabéns às tenistas Luisa Stefani e Laura Pigossi pela virada histórica no tênis. A dupla feminina brasileira luto… https://t.co/MzBIGJ2MwW,64706049,,,64706049,jdoriajr,,,60,2375,Thu Aug 05 2021 21:49:53 GMT-0300 (Brasilia Standard Time),Sat Jul 31 2021 10:05:04 GMT-0300 (Brasilia Standard Time)
"@lobaoeletrico Fique bem, Lobão 🙏🏻",64706049,,,64706049,jdoriajr,,,12,591,Thu Aug 05 2021 21:49:53 GMT-0300 (Brasilia Standard Time),Fri Jul 30 2021 20:03:15 GMT-0300 (Brasilia Standard Time)
"Em entrevista para o programa Connect The World da CNN Internacional, destaquei o compromisso de São Paulo em zerar… https://t.co/HrSlFRBupj",64706049,,,64706049,jdoriajr,,,127,1943,Thu Aug 05 2021 21:49:53 GMT-0300 (Brasilia Standard Time),Fri Jul 30 2021 19:01:19 GMT-0300 (Brasilia Standard Time)
@adeoliveirabr 🙏🏻,64706049,,,64706049,jdoriajr,,,0,23,Thu Aug 05 2021 21:49:53 GMT-0300 (Brasilia Standard Time),Fri Jul 30 2021 18:03:24 GMT-0300 (Brasilia Standard Time)
@divaolinda55 @shesshel @lobaoeletrico https://t.co/bFemuuOHQY,64706049,,,64706049,jdoriajr,,,4,11,Thu Aug 05 2021 21:49:53 GMT-0300 (Brasilia Standard Time),Fri Jul 30 2021 18:02:38 GMT-0300 (Brasilia Standard Time)
"SP ultrapassa União Europeia e EUA em proporção de vacinados contra a Covid-19

SP tem 59% da sua população com ao… https://t.co/xYuIq9jLzy",64706049,,,64706049,jdoriajr,,,337,6405,Thu Aug 05 2021 21:49:53 GMT-0300 (Brasilia Standard Time),Fri Jul 30 2021 17:26:47 GMT-0300 (Brasilia Standard Time)
Tamo junto! #Heliópolis #Cufa @CUFA_Brasil https://t.co/AjriOkff6T,64706049,,,64706049,jdoriajr,,,21,483,Thu Aug 05 2021 21:49:53 GMT-0300 (Brasilia Standard Time),Fri Jul 30 2021 15:19:59 GMT-0300 (Brasilia Standard Time)
Lembrando que SP tem cerca de 22% da população e gerou 34% dos empregos no Brasil. #TrabalhoeGestão,64706049,,,64706049,jdoriajr,,,34,658,Thu Aug 05 2021 21:49:53 GMT-0300 (Brasilia Standard Time),Fri Jul 30 2021 13:10:23 GMT-0300 (Brasilia Standard Time)
"SP gera quase meio milhão de novos empregos 

SP é estado com maior saldo positivo de empregos formais no semestre.… https://t.co/J8a7cOVE5F",64706049,,,64706049,jdoriajr,,,135,2028,Thu Aug 05 2021 21:49:53 GMT-0300 (Brasilia Standard Time),Fri Jul 30 2021 12:49:22 GMT-0300 (Brasilia Standard Time)
Entregamos 3 mil cestas do Alimento Solidário e 2 mil Cartões Alimentação p/ famílias que vivem na comunidade de He… https://t.co/fqqhrI2AW1,64706049,,,64706049,jdoriajr,,,46,426,Thu Aug 05 2021 21:49:53 GMT-0300 (Brasilia Standard Time),Fri Jul 30 2021 12:07:36 GMT-0300 (Brasilia Standard Time)
"Fomos recebidos aqui em Heliópolis com a linda apresentação do Quarteto do @instbaccarelli, com o Gabriel, Gilmar,… https://t.co/SMTmauT88Y",64706049,,,64706049,jdoriajr,,,24,560,Thu Aug 05 2021 21:49:53 GMT-0300 (Brasilia Standard Time),Fri Jul 30 2021 10:33:48 GMT-0300 (Brasilia Standard Time)
"Entregamos hoje mais 1 milhão e 200 mil doses da Vacina do Butantan ao Ministério da Saúde. Ao todo, são 62 milhões… https://t.co/XebnUrYg3z",64706049,,,64706049,jdoriajr,,,121,2617,Thu Aug 05 2021 21:49:53 GMT-0300 (Brasilia Standard Time),Fri Jul 30 2021 08:55:23 GMT-0300 (Brasilia Standard Time)
Ação e solidariedade para proteger a população em situação de rua do frio intenso nesta madrugada. Parabéns à Políc… https://t.co/FQAL1qGNra,64706049,,,64706049,jdoriajr,,,59,1610,Thu Aug 05 2021 21:49:53 GMT-0300 (Brasilia Standard Time),Fri Jul 30 2021 06:58:17 GMT-0300 (Brasilia Standard Time)
"Hoje recebemos lideranças de seis aldeias indígenas da região do Jaraguá e Vale do Ribeira, em SP. Debatemos ações… https://t.co/dm3Gljo5dT",64706049,,,64706049,jdoriajr,,,46,735,Thu Aug 05 2021 21:49:53 GMT-0300 (Brasilia Standard Time),Thu Jul 29 2021 21:47:07 GMT-0300 (Brasilia Standard Time)
#ChamaoMeirelles 👏🏻👏🏻👏🏻 https://t.co/a6kQ3M71p6,64706049,,,64706049,jdoriajr,,,57,782,Thu Aug 05 2021 21:49:53 GMT-0300 (Brasilia Standard Time),Thu Jul 29 2021 20:15:46 GMT-0300 (Brasilia Standard Time)
O incêndio na Cinemateca de São Paulo é um crime com a cultura do país. Desprezo pela arte e pela memória do Brasil… https://t.co/kf3V0WgSpm,64706049,,,64706049,jdoriajr,,,475,8377,Thu Aug 05 2021 21:49:53 GMT-0300 (Brasilia Standard Time),Thu Jul 29 2021 20:00:45 GMT-0300 (Brasilia Standard Time)
"A parte mais difícil do isolamento em casa nesses dias foi ficar sem o bolinho da Meire, que trabalha aqui no Palác… https://t.co/XY8oDBCdE1",64706049,,,64706049,jdoriajr,,,86,4096,Thu Aug 05 2021 21:49:53 GMT-0300 (Brasilia Standard Time),Thu Jul 29 2021 19:29:07 GMT-0300 (Brasilia Standard Time)
"Visitamos hoje as instalações do Novo Museu da Língua Portuguesa. Com investimento de R$ 85 milhões, ele será reabe… https://t.co/wmNxxXjpkQ",64706049,,,64706049,jdoriajr,,,87,1307,Thu Aug 05 2021 21:49:53 GMT-0300 (Brasilia Standard Time),Thu Jul 29 2021 15:21:51 GMT-0300 (Brasilia Standard Time)
União de esforços e solidariedade para acolher e proteger pessoas em situação de rua em São Paulo. #SpSolidário https://t.co/fKdq8AuqYW,64706049,,,64706049,jdoriajr,,,82,1210,Thu Aug 05 2021 21:49:53 GMT-0300 (Brasilia Standard Time),Thu Jul 29 2021 13:33:42 GMT-0300 (Brasilia Standard Time)
"Parabéns à judoca gaúcha Mayra Aguiar🥉, força e determinanção nos tatames de Tóquio. E à ginasta paulista Rebeca An… https://t.co/Vobg68nRro",64706049,,,64706049,jdoriajr,,,85,3443,Thu Aug 05 2021 21:49:53 GMT-0300 (Brasilia Standard Time),Thu Jul 29 2021 11:13:25 GMT-0300 (Brasilia Standard Time)
"Enquanto @jairbolsonaro solta o gás em entrevista, SP distribui Vale Gás para 1 milhão de famílias vulneráveis.

*Mode 5ª série on",64706049,,,64706049,jdoriajr,,,1139,21596,Thu Aug 05 2021 21:49:53 GMT-0300 (Brasilia Standard Time),Thu Jul 29 2021 08:46:19 GMT-0300 (Brasilia Standard Time)
"Ctrl+C Ctrl+V

Pode copiar os outros programas sociais lançados em SP tmb. A população agradece.

Aqui em SP, o Gov… https://t.co/Rc13EsVNiZ",64706049,,,64706049,jdoriajr,,,108,1163,Thu Aug 05 2021 21:49:53 GMT-0300 (Brasilia Standard Time),Thu Jul 29 2021 07:12:54 GMT-0300 (Brasilia Standard Time)
Governo/SP iniciou hoje programa especial de proteção às pessoas em situação de rua. Juntamente c/ prefeituras e or… https://t.co/iyAK4GElKo,64706049,,,64706049,jdoriajr,,,60,1034,Thu Aug 05 2021 21:49:53 GMT-0300 (Brasilia Standard Time),Wed Jul 28 2021 21:33:34 GMT-0300 (Brasilia Standard Time)
"Noites Solidárias 🙏🏻

Fundo Social/SP já distribuiu mais de 50.000 cobertores no Estado/SP de jan a julho/21. Maior… https://t.co/2pU5YVFdgB",64706049,,,64706049,jdoriajr,,,97,1619,Thu Aug 05 2021 21:49:53 GMT-0300 (Brasilia Standard Time),Wed Jul 28 2021 17:43:47 GMT-0300 (Brasilia Standard Time)
"@eduardopaes Amigo, @eduardopaes, a população é a grande vencedora 👏🏻👏🏻👏🏻👏🏻👏🏻

Meu abraço a você e à nossa Cidade Maravilhosa 😊",64706049,,,64706049,jdoriajr,,,63,5386,Thu Aug 05 2021 21:49:53 GMT-0300 (Brasilia Standard Time),Wed Jul 28 2021 14:16:14 GMT-0300 (Brasilia Standard Time)
"Amigo, @eduardopaes, a população é a grande vencedora 👏🏻👏🏻👏🏻👏🏻👏🏻

Meu abraço a você e à nossa Cidade Maravilhosa 😊 https://t.co/E94KQzQ20K",64706049,,,64706049,jdoriajr,,,474,13282,Thu Aug 05 2021 21:49:53 GMT-0300 (Brasilia Standard Time),Wed Jul 28 2021 14:15:01 GMT-0300 (Brasilia Standard Time)
"Retomada Segura

A partir de 17/08, com a população já vacinada, estará extinto limite de ocupação e horários de fu… https://t.co/WrW5H9Jlcw",64706049,,,64706049,jdoriajr,,,271,4367,Thu Aug 05 2021 21:49:53 GMT-0300 (Brasilia Standard Time),Wed Jul 28 2021 13:18:35 GMT-0300 (Brasilia Standard Time)
"Boa notícia!
Retomada segura no Estado/SP

Em 1º agosto, liberado:
✅ 80% ocupação em estabelecimentos
✅ Funcionamen… https://t.co/N65EENT9G6",64706049,,,64706049,jdoriajr,,,408,5774,Thu Aug 05 2021 21:49:53 GMT-0300 (Brasilia Standard Time),Wed Jul 28 2021 12:53:14 GMT-0300 (Brasilia Standard Time)
"Bora vacinar 😀

São Paulo antecipa término da vacinação da primeira dose contra Covid em adultos para 16/08.
E tem… https://t.co/Q6JAfYv3Uv",64706049,,,64706049,jdoriajr,,,980,21452,Thu Aug 05 2021 21:49:53 GMT-0300 (Brasilia Standard Time),Wed Jul 28 2021 12:46:43 GMT-0300 (Brasilia Standard Time)
RT @governosp: https://t.co/JbuNNmNvSn,64706049,,,64706049,jdoriajr,,,32,0,Thu Aug 05 2021 21:49:53 GMT-0300 (Brasilia Standard Time),Wed Jul 28 2021 12:43:24 GMT-0300 (Brasilia Standard Time)
Acompanhe nossa coletiva de imprensa ao vivo com anúncios sobre vacinação e atualização das medidas de combate à Co… https://t.co/FEKfUN1Ea2,64706049,,,64706049,jdoriajr,,,22,316,Thu Aug 05 2021 21:49:53 GMT-0300 (Brasilia Standard Time),Wed Jul 28 2021 11:55:27 GMT-0300 (Brasilia Standard Time)
@ferfuturegirl @Rayssa_Leal_Sk8 Anunciarei daqui a pouco na coletiva de imprensa 😉,64706049,,,64706049,jdoriajr,,,2,35,Thu Aug 05 2021 21:49:53 GMT-0300 (Brasilia Standard Time),Wed Jul 28 2021 11:35:33 GMT-0300 (Brasilia Standard Time)
Parabéns @Rayssa_Leal_Sk8. Não importa a idade. O importante é ter postura e atitude de gente grande. 👏🏻👏🏻👏🏻 https://t.co/J0GpHZiRMx,64706049,,,64706049,jdoriajr,,,196,5246,Thu Aug 05 2021 21:49:53 GMT-0300 (Brasilia Standard Time),Wed Jul 28 2021 11:05:31 GMT-0300 (Brasilia Standard Time)
Segurança pública é prioridade da nossa gestão. Parabéns a todos profissionais que trabalham para proteger a popula… https://t.co/oMTJNjnWFq,64706049,,,64706049,jdoriajr,,,44,535,Thu Aug 05 2021 21:49:53 GMT-0300 (Brasilia Standard Time),Wed Jul 28 2021 10:32:38 GMT-0300 (Brasilia Standard Time)
Bom dia! 100% recuperado e já despachando no Palácio dos Bandeirantes. Obrigado a todos pelas palavras de apoio e solidariedade 🙏🏻,64706049,,,64706049,jdoriajr,,,199,12944,Thu Aug 05 2021 21:49:53 GMT-0300 (Brasilia Standard Time),Wed Jul 28 2021 09:26:37 GMT-0300 (Brasilia Standard Time)
Encontro virtual com os atletas que integram o Time São Paulo Paralímpico – Tóquio 2021. Guerreiros do nosso esport… https://t.co/LZkfabxxgG,64706049,,,64706049,jdoriajr,,,43,769,Thu Aug 05 2021 21:49:53 GMT-0300 (Brasilia Standard Time),Tue Jul 27 2021 20:42:13 GMT-0300 (Brasilia Standard Time)
Parece piada. Lula e Bolsonaro brigando pra ver quem é mais ou menos corrupto. Inacreditável! Já  reparou que eles… https://t.co/YxULu1Vi9Z,64706049,,,64706049,jdoriajr,,,511,7207,Thu Aug 05 2021 21:49:53 GMT-0300 (Brasilia Standard Time),Tue Jul 27 2021 19:27:20 GMT-0300 (Brasilia Standard Time)
"@eduardopaes @mqueiroga2 @minsaude @butantanoficial @fiocruz #VacinaNoBraço💉💉💉
👏🏻👏🏻👏🏻",64706049,,,64706049,jdoriajr,,,8,409,Thu Aug 05 2021 21:49:53 GMT-0300 (Brasilia Standard Time),Tue Jul 27 2021 13:00:31 GMT-0300 (Brasilia Standard Time)
RT @butantanoficial: É #FAKE o perfil criado no Facebook com o nome de ButanVac. O Instituto não recruta voluntários pelas redes sociais. T…,64706049,,,64706049,jdoriajr,,,155,0,Thu Aug 05 2021 21:49:53 GMT-0300 (Brasilia Standard Time),Tue Jul 27 2021 12:16:10 GMT-0300 (Brasilia Standard Time)
Quero cumprimentar todos os atletas brasileiros que estão em Tóquio defendendo nossa bandeira. O bi campeão… https://t.co/DBwZuxMgEY,64706049,,,64706049,jdoriajr,,,69,2437,Thu Aug 05 2021 21:49:53 GMT-0300 (Brasilia Standard Time),Tue Jul 27 2021 11:02:51 GMT-0300 (Brasilia Standard Time)
O uso das câmeras corporais (bodycams) pela Polícia Militar de SP está trazendo bons resultados e inspirando outros… https://t.co/ItMw0ScjfB,64706049,,,64706049,jdoriajr,,,67,973,Thu Aug 05 2021 21:49:53 GMT-0300 (Brasilia Standard Time),Tue Jul 27 2021 10:14:08 GMT-0300 (Brasilia Standard Time)
@vishvitz 🥇💉🇧🇷,64706049,,,64706049,jdoriajr,,,2,38,Thu Aug 05 2021 21:49:53 GMT-0300 (Brasilia Standard Time),Tue Jul 27 2021 07:07:29 GMT-0300 (Brasilia Standard Time)
@vivianamorim 😀,64706049,,,64706049,jdoriajr,,,1,8,Thu Aug 05 2021 21:49:53 GMT-0300 (Brasilia Standard Time),Tue Jul 27 2021 07:07:06 GMT-0300 (Brasilia Standard Time)
"Orgulho!
🥇Ítalo Ferreira e 🥉Fernando Scheffer deram show nas águas de Tóquio 👏🏻👏🏻👏🏻🇧🇷",64706049,,,64706049,jdoriajr,,,92,5251,Thu Aug 05 2021 21:49:53 GMT-0300 (Brasilia Standard Time),Tue Jul 27 2021 07:04:56 GMT-0300 (Brasilia Standard Time)
Investimentos para defesa do meio ambiente e proteção das áreas de preservação do Estado de São Paulo. https://t.co/SfNFCXrrqD,64706049,,,64706049,jdoriajr,,,26,545,Thu Aug 05 2021 21:49:53 GMT-0300 (Brasilia Standard Time),Mon Jul 26 2021 20:39:24 GMT-0300 (Brasilia Standard Time)
"Hoje o Estado de SP atingiu 75% da população adulta vacinada com, ao menos, a primeira dose da vacina contra Covid.… https://t.co/ayFS3c4DLx",64706049,,,64706049,jdoriajr,,,498,11857,Thu Aug 05 2021 21:49:53 GMT-0300 (Brasilia Standard Time),Mon Jul 26 2021 19:02:14 GMT-0300 (Brasilia Standard Time)
Ministério da Saúde tem 16 milhões de vacinas paradas em estoque e centenas de brasileiros morrendo diariamente por… https://t.co/fT6laicQ36,64706049,,,64706049,jdoriajr,,,2031,21019,Thu Aug 05 2021 21:49:53 GMT-0300 (Brasilia Standard Time),Mon Jul 26 2021 14:30:33 GMT-0300 (Brasilia Standard Time)
"A vacinação contra a Covid em São Paulo segue em ritmo acelerado. Até 20/08, toda a população adulta do nosso Estad… https://t.co/zrRv1lf2TE",64706049,,,64706049,jdoriajr,,,90,984,Thu Aug 05 2021 21:49:53 GMT-0300 (Brasilia Standard Time),Mon Jul 26 2021 12:34:32 GMT-0300 (Brasilia Standard Time)
"Governar é elencar prioridades:

#VacinaNoBraço
#ComidaNoPrato
#RetomadaEconômica
#GeraçãoDeEmpregos

Bora seguir trabalhando!",64706049,,,64706049,jdoriajr,,,117,2084,Thu Aug 05 2021 21:49:53 GMT-0300 (Brasilia Standard Time),Mon Jul 26 2021 11:58:39 GMT-0300 (Brasilia Standard Time)
O Instituto Butantan entregou mais 1 milhão e 500 mil doses da Vacina do Butantan ao Ministério da Saúde. Elas vão… https://t.co/yeLaRYdjQI,64706049,,,64706049,jdoriajr,,,148,2852,Thu Aug 05 2021 21:49:53 GMT-0300 (Brasilia Standard Time),Mon Jul 26 2021 11:04:51 GMT-0300 (Brasilia Standard Time)
". @Rayssa_Leal_Sk8 faz jus ao apelido e voa nas pistas de skate de Tokio 🛹. Parabéns, Fadinha🥈! Aos 13 anos, a mais… https://t.co/j0y1dkyU9L",64706049,,,64706049,jdoriajr,,,124,5644,Thu Aug 05 2021 21:49:53 GMT-0300 (Brasilia Standard Time),Mon Jul 26 2021 08:27:11 GMT-0300 (Brasilia Standard Time)
"A tecnologia tem sido uma aliada importante da nossa gestão. Na área da saúde, investimos na telemedicina e no dese… https://t.co/6Bx0riqS8G",64706049,,,64706049,jdoriajr,,,28,441,Thu Aug 05 2021 21:49:53 GMT-0300 (Brasilia Standard Time),Sun Jul 25 2021 16:43:40 GMT-0300 (Brasilia Standard Time)
Que coisa MAIS linda! ❤️🇧🇷 https://t.co/nmu9EWpsh3,64706049,,,64706049,jdoriajr,,,270,8266,Thu Aug 05 2021 21:49:53 GMT-0300 (Brasilia Standard Time),Sun Jul 25 2021 14:36:33 GMT-0300 (Brasilia Standard Time)
"Parabéns ao paulista do Guarujá, Kelvin Hoefler, pela 1ª medalha para o Brasil nas Olimpíada de Tókio. Medalha de p… https://t.co/soBDJ2EUHc",64706049,,,64706049,jdoriajr,,,120,5970,Thu Aug 05 2021 21:49:53 GMT-0300 (Brasilia Standard Time),Sun Jul 25 2021 13:40:35 GMT-0300 (Brasilia Standard Time)
A Vacina do Butantan salva vidas 🙏🏻 https://t.co/vrezNpvjrr,64706049,,,64706049,jdoriajr,,,280,4645,Thu Aug 05 2021 21:49:53 GMT-0300 (Brasilia Standard Time),Sun Jul 25 2021 11:18:24 GMT-0300 (Brasilia Standard Time)
Condeno o vandalismo nas manifestacões de hoje. Quem age como vândalo é tão autoritário e violento como aquele que… https://t.co/U7hYnRGG8C,64706049,,,64706049,jdoriajr,,,368,6394,Thu Aug 05 2021 21:49:53 GMT-0300 (Brasilia Standard Time),Sat Jul 24 2021 19:52:41 GMT-0300 (Brasilia Standard Time)
#VacinasSalvamVidas https://t.co/LmLzUzprEs,64706049,,,64706049,jdoriajr,,,139,1866,Thu Aug 05 2021 21:49:53 GMT-0300 (Brasilia Standard Time),Sat Jul 24 2021 15:45:42 GMT-0300 (Brasilia Standard Time)
Alimentação de qualidade grátis para pessoas em situação de rua está mantida até o final de agosto. Desde o início… https://t.co/0PnyQD0E13,64706049,,,64706049,jdoriajr,,,109,1743,Thu Aug 05 2021 21:49:53 GMT-0300 (Brasilia Standard Time),Sat Jul 24 2021 10:09:00 GMT-0300 (Brasilia Standard Time)
O Instituto Butantan entregou hoje mais 1 milhão de doses da vacina contra a Covid-19 para imunização dos brasileir… https://t.co/xd0K0khMNz,64706049,,,64706049,jdoriajr,,,117,1951,Thu Aug 05 2021 21:49:53 GMT-0300 (Brasilia Standard Time),Fri Jul 23 2021 12:38:13 GMT-0300 (Brasilia Standard Time)
"@lobaoeletrico Lobão iniciando a mutação 🐊

👏🏻👏🏻👏🏻👏🏻👏🏻",64706049,,,64706049,jdoriajr,,,13,474,Thu Aug 05 2021 21:49:53 GMT-0300 (Brasilia Standard Time),Fri Jul 23 2021 12:37:56 GMT-0300 (Brasilia Standard Time)
Em casa mantendo agenda de trabalho de forma virtual. Essa reunião é mais um importante passo na preservação do mei… https://t.co/m9CbKjFDBa,64706049,,,64706049,jdoriajr,,,47,1708,Thu Aug 05 2021 21:49:53 GMT-0300 (Brasilia Standard Time),Fri Jul 23 2021 11:15:56 GMT-0300 (Brasilia Standard Time)
Minha solidariedade à querida amiga @joicehasselmann. Desejo a ela melhoras e que a polícia encontre os agressores… https://t.co/WfSxEnMn47,64706049,,,64706049,jdoriajr,,,140,4957,Thu Aug 05 2021 21:49:53 GMT-0300 (Brasilia Standard Time),Fri Jul 23 2021 09:00:47 GMT-0300 (Brasilia Standard Time)
Ontem São Paulo bateu novo recorde e vacinou 620 mil pessoas em um único dia. De toda população vacinada ontem no B… https://t.co/xxYnyoXAR0,64706049,,,64706049,jdoriajr,,,252,5772,Thu Aug 05 2021 21:49:53 GMT-0300 (Brasilia Standard Time),Thu Jul 22 2021 18:10:01 GMT-0300 (Brasilia Standard Time)
"Corrigindo, a notícia é ainda melhor:

1 a cada 4 adultos do Estado de SP já está com as duas doses da vacina contra Covid no braço 💉💪",64706049,,,64706049,jdoriajr,,,80,1920,Thu Aug 05 2021 21:49:53 GMT-0300 (Brasilia Standard Time),Thu Jul 22 2021 17:52:11 GMT-0300 (Brasilia Standard Time)
"Só boas notícias em SP!

💉 Redução em quase 50% de óbitos;
💉 Menor média de internações do ano;
💉 Menor taxa de ocu… https://t.co/X2cbKiBTfz",64706049,,,64706049,jdoriajr,,,561,10274,Thu Aug 05 2021 21:49:53 GMT-0300 (Brasilia Standard Time),Thu Jul 22 2021 16:52:39 GMT-0300 (Brasilia Standard Time)
"1 a cada 5 adultos do Estado de SP já está com as duas doses da vacina contra Covid no braço 💉💪

Jacarezada feliz!!… https://t.co/k421oXuIML",64706049,,,64706049,jdoriajr,,,493,14154,Thu Aug 05 2021 21:49:53 GMT-0300 (Brasilia Standard Time),Thu Jul 22 2021 15:34:53 GMT-0300 (Brasilia Standard Time)
"O Estado de SP, proporcionalmente, já vacinou mais adultos com ao menos uma dose do que os EUA. 72% da população co… https://t.co/AthDfi8Vqr",64706049,,,64706049,jdoriajr,,,204,4352,Thu Aug 05 2021 21:49:53 GMT-0300 (Brasilia Standard Time),Thu Jul 22 2021 13:30:30 GMT-0300 (Brasilia Standard Time)
Não serão ameaças golpistas e autoritárias que vencerão a democracia brasileira. Nossas instituições são sólidas. Teremos eleições em 2022.,64706049,,,64706049,jdoriajr,,,615,12328,Thu Aug 05 2021 21:49:53 GMT-0300 (Brasilia Standard Time),Thu Jul 22 2021 13:12:46 GMT-0300 (Brasilia Standard Time)
"As Praças da Cidadania, idealizadas na gestão do Governo de São Paulo, oferecem lazer e qualificação profissionaliz… https://t.co/G5K1gHMn6c",64706049,,,64706049,jdoriajr,,,30,313,Thu Aug 05 2021 21:49:53 GMT-0300 (Brasilia Standard Time),Thu Jul 22 2021 08:18:00 GMT-0300 (Brasilia Standard Time)
"@brunnosarttori Iniciando a mutação 🐊🐊🐊

👏🏻👏🏻👏🏻👏🏻

Abs, 👖",64706049,,,64706049,jdoriajr,,,11,867,Thu Aug 05 2021 21:49:53 GMT-0300 (Brasilia Standard Time),Wed Jul 21 2021 17:34:23 GMT-0300 (Brasilia Standard Time)
"Nesta última semana, registramos a menor média de novas internações por Covid-19 de 2021 no Estado de SP. Além diss… https://t.co/vjYGA85n8S",64706049,,,64706049,jdoriajr,,,359,7431,Thu Aug 05 2021 21:49:53 GMT-0300 (Brasilia Standard Time),Wed Jul 21 2021 16:56:13 GMT-0300 (Brasilia Standard Time)
RT @governosp: https://t.co/lPoPxbsEqG,64706049,,,64706049,jdoriajr,,,19,0,Thu Aug 05 2021 21:49:53 GMT-0300 (Brasilia Standard Time),Wed Jul 21 2021 12:47:48 GMT-0300 (Brasilia Standard Time)
Daqui a pouco teremos nossa coletiva de imprensa semanal com anúncios na área de proteção social e melhora nos indi… https://t.co/4uQD1Wxdk7,64706049,,,64706049,jdoriajr,,,18,404,Thu Aug 05 2021 21:49:53 GMT-0300 (Brasilia Standard Time),Wed Jul 21 2021 12:30:10 GMT-0300 (Brasilia Standard Time)
"A boa educação é o que transformará o país.
Governo de SP vai contratar 10 mil novos professores de ensino médio e… https://t.co/PuypCtQzUr",64706049,,,64706049,jdoriajr,,,111,1587,Thu Aug 05 2021 21:49:53 GMT-0300 (Brasilia Standard Time),Wed Jul 21 2021 11:25:08 GMT-0300 (Brasilia Standard Time)
"Boa notícia p/ os jovens em busca de emprego:

Lançamos a segunda etapa do programa Novotec Expresso, com mais 38 m… https://t.co/yr1pVIRzkb",64706049,,,64706049,jdoriajr,,,74,801,Thu Aug 05 2021 21:49:53 GMT-0300 (Brasilia Standard Time),Wed Jul 21 2021 08:28:53 GMT-0300 (Brasilia Standard Time)
"Acompanhem:

https://t.co/xML6r4E1vA",64706049,,,64706049,jdoriajr,,,4,128,Thu Aug 05 2021 21:49:53 GMT-0300 (Brasilia Standard Time),Tue Jul 20 2021 19:40:30 GMT-0300 (Brasilia Standard Time)
Daqui a pouco! https://t.co/ZxXVRFCKQu,64706049,,,64706049,jdoriajr,,,59,1801,Thu Aug 05 2021 21:49:53 GMT-0300 (Brasilia Standard Time),Tue Jul 20 2021 19:17:22 GMT-0300 (Brasilia Standard Time)
"Dia histórico para preservação do meio ambiente em SP.

São Paulo é o primeiro estado no Brasil e da América Latina… https://t.co/fGXdUVH5dD",64706049,,,64706049,jdoriajr,,,178,2415,Thu Aug 05 2021 21:49:53 GMT-0300 (Brasilia Standard Time),Tue Jul 20 2021 17:50:18 GMT-0300 (Brasilia Standard Time)
Juntos e de👖 https://t.co/zfnKQcNV99,64706049,,,64706049,jdoriajr,,,50,1033,Thu Aug 05 2021 21:49:53 GMT-0300 (Brasilia Standard Time),Tue Jul 20 2021 16:24:45 GMT-0300 (Brasilia Standard Time)
O sonho do Lula é disputar eleição apenas com o Bolsonaro. O sonho do Bolsonaro é disputar eleição apenas com o Lul… https://t.co/WJjMzRYBId,64706049,,,64706049,jdoriajr,,,1475,18619,Thu Aug 05 2021 21:49:53 GMT-0300 (Brasilia Standard Time),Tue Jul 20 2021 15:45:37 GMT-0300 (Brasilia Standard Time)
RT @77_frota: Esse Bolsonaro não tem mesmo vergonha na cara .Fico feliz que o intestino do presidente tenha voltado a funcionar e está alim…,64706049,,,64706049,jdoriajr,,,133,0,Thu Aug 05 2021 21:49:53 GMT-0300 (Brasilia Standard Time),Tue Jul 20 2021 15:16:41 GMT-0300 (Brasilia Standard Time)
"Alessandro Medeiros chegou na ocorrência e foi morto covardemente pelo criminoso, que já havia assassinado a esposa… https://t.co/dNTyOgOZuY",64706049,,,64706049,jdoriajr,,,20,918,Thu Aug 05 2021 21:49:53 GMT-0300 (Brasilia Standard Time),Tue Jul 20 2021 11:46:08 GMT-0300 (Brasilia Standard Time)
"Meus sentimentos aos familiares e amigos de Patricia Cristina, vítima de feminicídio, e do investigador de policia… https://t.co/amVsmzTLVz",64706049,,,64706049,jdoriajr,,,106,1995,Thu Aug 05 2021 21:49:53 GMT-0300 (Brasilia Standard Time),Tue Jul 20 2021 11:46:08 GMT-0300 (Brasilia Standard Time)
"Ana Maria Braga é uma das milhões de brasileiras que já foram imunizadas com a Vacina do Butantan. Assim como eu, e… https://t.co/GKNJdhE2Je",64706049,,,64706049,jdoriajr,,,338,5761,Thu Aug 05 2021 21:49:53 GMT-0300 (Brasilia Standard Time),Tue Jul 20 2021 08:35:58 GMT-0300 (Brasilia Standard Time)
RT @carlaopignatari: Parabenizo o @jdoriajr e o @rodrigogarciaoficial por cumprirem a promessa de promover uma gestão liberal e enxugar a m…,64706049,,,64706049,jdoriajr,,,32,0,Thu Aug 05 2021 21:49:53 GMT-0300 (Brasilia Standard Time),Mon Jul 19 2021 21:46:02 GMT-0300 (Brasilia Standard Time)
São Paulo vacinou mais de 50% da sua população com uma dose contra Covid-19. Hoje atingimos a marca de mais de 24 m… https://t.co/0oZjT1e5mw,64706049,,,64706049,jdoriajr,,,431,11600,Thu Aug 05 2021 21:49:53 GMT-0300 (Brasilia Standard Time),Mon Jul 19 2021 19:42:32 GMT-0300 (Brasilia Standard Time)
Prometemos uma gestão liberal e estamos cumprindo. As concessões reduzem despesas administrativas e nos possibilita… https://t.co/AwjszYYacn,64706049,,,64706049,jdoriajr,,,71,1016,Thu Aug 05 2021 21:49:53 GMT-0300 (Brasilia Standard Time),Mon Jul 19 2021 18:35:42 GMT-0300 (Brasilia Standard Time)
Governo de SP está investindo R$ 4 milhões para construção de mais quatro restaurantes Bom Prato nos municípios: Pr… https://t.co/pRzLV5xeYi,64706049,,,64706049,jdoriajr,,,61,1128,Thu Aug 05 2021 21:49:53 GMT-0300 (Brasilia Standard Time),Mon Jul 19 2021 17:00:02 GMT-0300 (Brasilia Standard Time)
"Nosso Vice-Governador, @rodrigogarcia_, no @butantanoficial entregando mais 1 milhão de doses da Vacina do Butantan… https://t.co/MsvD1Qm5J5",64706049,,,64706049,jdoriajr,,,63,1334,Thu Aug 05 2021 21:49:53 GMT-0300 (Brasilia Standard Time),Mon Jul 19 2021 10:33:54 GMT-0300 (Brasilia Standard Time)
"Participando agora, virtualmente, da reunião semanal de secretariado. Todos na mesma página para SP continuar acele… https://t.co/tmqLRSYfpN",64706049,,,64706049,jdoriajr,,,50,2121,Thu Aug 05 2021 21:49:53 GMT-0300 (Brasilia Standard Time),Mon Jul 19 2021 08:43:58 GMT-0300 (Brasilia Standard Time)
RT @PSDBoficial: #VacinaParaTodos #VacinaJa @jdoriajr https://t.co/cxUqISwu20,64706049,,,64706049,jdoriajr,,,64,0,Thu Aug 05 2021 21:49:53 GMT-0300 (Brasilia Standard Time),Sun Jul 18 2021 18:00:53 GMT-0300 (Brasilia Standard Time)
"@LiberalLiberal2 💉💉 2 doses, Mike!",64706049,,,64706049,jdoriajr,,,2,91,Thu Aug 05 2021 21:49:53 GMT-0300 (Brasilia Standard Time),Sun Jul 18 2021 17:31:09 GMT-0300 (Brasilia Standard Time)
@Otaviomiguel8 O intestino já está livre 😂😂😂😂,64706049,,,64706049,jdoriajr,,,48,684,Thu Aug 05 2021 21:49:53 GMT-0300 (Brasilia Standard Time),Sun Jul 18 2021 17:22:37 GMT-0300 (Brasilia Standard Time)
#BoraVacinar https://t.co/T619PQYYoi,64706049,,,64706049,jdoriajr,,,423,5260,Thu Aug 05 2021 21:49:53 GMT-0300 (Brasilia Standard Time),Sun Jul 18 2021 17:21:22 GMT-0300 (Brasilia Standard Time)
@VacinadorJoao 👊🏻,64706049,,,64706049,jdoriajr,,,3,394,Thu Aug 05 2021 21:49:53 GMT-0300 (Brasilia Standard Time),Sun Jul 18 2021 17:04:25 GMT-0300 (Brasilia Standard Time)
"@gmjunior56 @MauMeirelles Salve, Alan e Bruno!",64706049,,,64706049,jdoriajr,,,1,14,Thu Aug 05 2021 21:49:53 GMT-0300 (Brasilia Standard Time),Sun Jul 18 2021 16:55:23 GMT-0300 (Brasilia Standard Time)
@DoriaDoVigor @MauMeirelles ❤️,64706049,,,64706049,jdoriajr,,,2,26,Thu Aug 05 2021 21:49:53 GMT-0300 (Brasilia Standard Time),Sun Jul 18 2021 16:54:00 GMT-0300 (Brasilia Standard Time)
@BrasilCorona @lesoc31 @MauMeirelles 💉💉… duas doses!,64706049,,,64706049,jdoriajr,,,1,8,Thu Aug 05 2021 21:49:53 GMT-0300 (Brasilia Standard Time),Sun Jul 18 2021 16:50:21 GMT-0300 (Brasilia Standard Time)
@VacinadorJoao @zezevdantas @MauMeirelles https://t.co/bYeYkwEQJf,64706049,,,64706049,jdoriajr,,,7,242,Thu Aug 05 2021 21:49:53 GMT-0300 (Brasilia Standard Time),Sun Jul 18 2021 16:49:30 GMT-0300 (Brasilia Standard Time)
@GracianoGarci16 @brunnosarttori Deus abençoe seus avós! Vou te vacinar também💉💉💉,64706049,,,64706049,jdoriajr,,,1,8,Thu Aug 05 2021 21:49:53 GMT-0300 (Brasilia Standard Time),Sun Jul 18 2021 16:48:07 GMT-0300 (Brasilia Standard Time)
@Marverik0Hunter @brunnosarttori 🥇,64706049,,,64706049,jdoriajr,,,1,6,Thu Aug 05 2021 21:49:53 GMT-0300 (Brasilia Standard Time),Sun Jul 18 2021 16:47:31 GMT-0300 (Brasilia Standard Time)
@brunnosarttori Bruno tá on 😂😂😂,64706049,,,64706049,jdoriajr,,,2,245,Thu Aug 05 2021 21:49:53 GMT-0300 (Brasilia Standard Time),Sun Jul 18 2021 15:05:57 GMT-0300 (Brasilia Standard Time)
@zezevdantas @MauMeirelles Parabéns Zezé! 🎂,64706049,,,64706049,jdoriajr,,,2,132,Thu Aug 05 2021 21:49:53 GMT-0300 (Brasilia Standard Time),Sun Jul 18 2021 15:05:23 GMT-0300 (Brasilia Standard Time)
"@ribeirolucas_7 @MauMeirelles Boa tarde, Luquinhas",64706049,,,64706049,jdoriajr,,,2,71,Thu Aug 05 2021 21:49:53 GMT-0300 (Brasilia Standard Time),Sun Jul 18 2021 14:46:37 GMT-0300 (Brasilia Standard Time)
@joaosouza_7 @MauMeirelles Bora 💉💉💉,64706049,,,64706049,jdoriajr,,,5,219,Thu Aug 05 2021 21:49:53 GMT-0300 (Brasilia Standard Time),Sun Jul 18 2021 14:44:24 GMT-0300 (Brasilia Standard Time)
"@lesoc31 @MauMeirelles Obrigado, Ale. Estamos trabalhando muito para acolher a população em situação de vulnerabilidade. 🤗",64706049,,,64706049,jdoriajr,,,0,111,Thu Aug 05 2021 21:49:53 GMT-0300 (Brasilia Standard Time),Sun Jul 18 2021 14:43:27 GMT-0300 (Brasilia Standard Time)
"@L_Isentao @MauMeirelles Estou on, isentão 😀",64706049,,,64706049,jdoriajr,,,10,367,Thu Aug 05 2021 21:49:53 GMT-0300 (Brasilia Standard Time),Sun Jul 18 2021 14:27:17 GMT-0300 (Brasilia Standard Time)
@ferChina_ider @MauMeirelles ❤️,64706049,,,64706049,jdoriajr,,,1,74,Thu Aug 05 2021 21:49:53 GMT-0300 (Brasilia Standard Time),Sun Jul 18 2021 14:26:44 GMT-0300 (Brasilia Standard Time)
@MauMeirelles https://t.co/eUMKof8jfC,64706049,,,64706049,jdoriajr,,,75,4211,Thu Aug 05 2021 21:49:53 GMT-0300 (Brasilia Standard Time),Sun Jul 18 2021 14:24:49 GMT-0300 (Brasilia Standard Time)
"Meus sentimentos à família e amigos do 1º Tenente da Polícia Militar de SP, Leonardo Finelli Tavares, que faleceu e… https://t.co/C6QMhgjFlc",64706049,,,64706049,jdoriajr,,,91,2326,Thu Aug 05 2021 21:49:53 GMT-0300 (Brasilia Standard Time),Sun Jul 18 2021 12:05:51 GMT-0300 (Brasilia Standard Time)
"Butantan iniciou a produção de mais 20 milhões de doses da Vacina do Butantan. Estão trabalhando 7 dias por semana,… https://t.co/zoHYhYca9h",64706049,,,64706049,jdoriajr,,,237,3907,Thu Aug 05 2021 21:49:53 GMT-0300 (Brasilia Standard Time),Sun Jul 18 2021 10:57:45 GMT-0300 (Brasilia Standard Time)
"Acelerando a vacinação

O Estado de SP bateu novo recorde de vacinação em 24 horas: 500 mil doses aplicadas. Somos… https://t.co/Dl2pBNVxUT",64706049,,,64706049,jdoriajr,,,318,8762,Thu Aug 05 2021 21:49:53 GMT-0300 (Brasilia Standard Time),Sat Jul 17 2021 21:04:42 GMT-0300 (Brasilia Standard Time)
"Comprovadamente, a Vacina do Butantan salva vidas 🙏 https://t.co/cqwS2qbfg1",64706049,,,64706049,jdoriajr,,,615,9879,Thu Aug 05 2021 21:49:53 GMT-0300 (Brasilia Standard Time),Sat Jul 17 2021 20:01:32 GMT-0300 (Brasilia Standard Time)
Mais uma medida adotada para proteger mulheres de agressores covardes. Tolerância zero contra esse tipo de crime. https://t.co/GDtMWYhOvJ,64706049,,,64706049,jdoriajr,,,309,5236,Thu Aug 05 2021 21:49:53 GMT-0300 (Brasilia Standard Time),Sat Jul 17 2021 13:40:34 GMT-0300 (Brasilia Standard Time)
"Programa Dignidade Íntima

Essa semana mais 107 mil absorventes foram distribuídos para 89 escolas estaduais da ZL… https://t.co/EYe2K7iwr5",64706049,,,64706049,jdoriajr,,,136,2221,Thu Aug 05 2021 21:49:53 GMT-0300 (Brasilia Standard Time),Sat Jul 17 2021 10:41:35 GMT-0300 (Brasilia Standard Time)
"Enquanto trabalhávamos para viabilizar a Coronavac de forma segura e com preço justo p/ os brasileiros, o ex-Minist… https://t.co/N5S5k4Hzfc",64706049,,,64706049,jdoriajr,,,1745,14882,Thu Aug 05 2021 21:49:53 GMT-0300 (Brasilia Standard Time),Fri Jul 16 2021 15:17:43 GMT-0300 (Brasilia Standard Time)
"Nesta manhã realizei exames protocolares e, graças às duas doses da Vacina do Butantan, estou muito bem. Continuare… https://t.co/n7KDbaSdkk",64706049,,,64706049,jdoriajr,,,130,4605,Thu Aug 05 2021 21:49:53 GMT-0300 (Brasilia Standard Time),Fri Jul 16 2021 12:18:29 GMT-0300 (Brasilia Standard Time)
"Hoje nosso vice-governador, @rodrigogarcia_, acompanhou entrega de mais 1 milhão de doses da vacina do Butantan ao… https://t.co/6E9ewZF50Q",64706049,,,64706049,jdoriajr,,,61,1555,Thu Aug 05 2021 21:49:53 GMT-0300 (Brasilia Standard Time),Fri Jul 16 2021 08:57:52 GMT-0300 (Brasilia Standard Time)
Está aí meu teste para a turminha 🧳 que acredita que a Terra é plana e vive no “mundo da conspiração”. https://t.co/opk0d1whQP,64706049,,,64706049,jdoriajr,,,460,12615,Thu Aug 05 2021 21:49:53 GMT-0300 (Brasilia Standard Time),Fri Jul 16 2021 07:23:37 GMT-0300 (Brasilia Standard Time)
"Sigo trabalhando, agora aqui de casa. Estamos neste momento em mais uma reunião do PEI - Plano Estadual de Imunizaç… https://t.co/Kg1MI8CHK8",64706049,,,64706049,jdoriajr,,,74,2754,Thu Aug 05 2021 21:49:53 GMT-0300 (Brasilia Standard Time),Thu Jul 15 2021 20:04:59 GMT-0300 (Brasilia Standard Time)
"Quero agradecer a todos pelas mensagens que estou recebendo, desejando meu pronto reestabelecimento. Graças a Deus e a vacina estou bem. 🙏🏻",64706049,,,64706049,jdoriajr,,,263,18759,Thu Aug 05 2021 21:49:53 GMT-0300 (Brasilia Standard Time),Thu Jul 15 2021 19:42:59 GMT-0300 (Brasilia Standard Time)
"Lista do que já concedemos p/ o setor privado:

- Linha 8 e 9 da CPTM
- Parque Caminhos do Mar
- Usina SP
- PPP Lin… https://t.co/DgblzWnCes",64706049,,,64706049,jdoriajr,,,57,954,Thu Aug 05 2021 21:49:53 GMT-0300 (Brasilia Standard Time),Thu Jul 15 2021 19:33:08 GMT-0300 (Brasilia Standard Time)
A modernização dos aeroportos vai fomentar a aviação regional no Estado de SP e contribuir para o desenvolvimento d… https://t.co/1FhihSRDRG,64706049,,,64706049,jdoriajr,,,17,313,Thu Aug 05 2021 21:49:53 GMT-0300 (Brasilia Standard Time),Thu Jul 15 2021 18:20:51 GMT-0300 (Brasilia Standard Time)
"Enxugamento da máquina pública 

Leilão de 22 aeroportos regionais na @B3_Oficial foi um sucesso. Setor privado vai… https://t.co/X01FUyCFyz",64706049,,,64706049,jdoriajr,,,65,1058,Thu Aug 05 2021 21:49:53 GMT-0300 (Brasilia Standard Time),Thu Jul 15 2021 17:47:21 GMT-0300 (Brasilia Standard Time)
"@joicehasselmann Obrigado, querida deputada @joicehasselmann! 🙏",64706049,,,64706049,jdoriajr,,,4,201,Thu Aug 05 2021 21:49:53 GMT-0300 (Brasilia Standard Time),Thu Jul 15 2021 17:11:17 GMT-0300 (Brasilia Standard Time)
"@priscilllando Obrigado, Priscilla 🙏🏻",64706049,,,64706049,jdoriajr,,,5,259,Thu Aug 05 2021 21:49:53 GMT-0300 (Brasilia Standard Time),Thu Jul 15 2021 16:19:21 GMT-0300 (Brasilia Standard Time)
@victoraciarlini 🙏🏻,64706049,,,64706049,jdoriajr,,,1,30,Thu Aug 05 2021 21:49:53 GMT-0300 (Brasilia Standard Time),Thu Jul 15 2021 15:48:41 GMT-0300 (Brasilia Standard Time)
"Continuarei sendo acompanhado pelos médicos, com a certeza de que a vacina está me protegendo, assim como protege milhões de brasileiros.",64706049,,,64706049,jdoriajr,,,89,4896,Thu Aug 05 2021 21:49:53 GMT-0300 (Brasilia Standard Time),Thu Jul 15 2021 15:45:22 GMT-0300 (Brasilia Standard Time)
"E para aqueles que ainda não foram vacinados, meu caso também serve de exemplo, para demonstrar a importância da va… https://t.co/UmFXWfUJL9",64706049,,,64706049,jdoriajr,,,145,5087,Thu Aug 05 2021 21:49:53 GMT-0300 (Brasilia Standard Time),Thu Jul 15 2021 15:45:22 GMT-0300 (Brasilia Standard Time)
"Meu caso serve de alerta para todos que já foram vacinados seguirem respeitando os protocolos. Pois, todos estão su… https://t.co/979W826hwq",64706049,,,64706049,jdoriajr,,,394,5946,Thu Aug 05 2021 21:49:53 GMT-0300 (Brasilia Standard Time),Thu Jul 15 2021 15:45:21 GMT-0300 (Brasilia Standard Time)
"Estou me sentindo muito bem, disposto e tenho convicção que estou sendo protegido contra o agravamento da doença pe… https://t.co/4VxYvlUlKB",64706049,,,64706049,jdoriajr,,,117,4220,Thu Aug 05 2021 21:49:53 GMT-0300 (Brasilia Standard Time),Thu Jul 15 2021 15:45:21 GMT-0300 (Brasilia Standard Time)
"Os demais compromissos presenciais serão conduzidos pelo vice-governador, Rodrigo Garcia.",64706049,,,64706049,jdoriajr,,,41,2407,Thu Aug 05 2021 21:49:53 GMT-0300 (Brasilia Standard Time),Thu Jul 15 2021 15:45:20 GMT-0300 (Brasilia Standard Time)
"Hoje, por prevenção, fiz mais um teste de Covid e o resultado, infelizmente, foi positivo. Por orientação médica, c… https://t.co/s3DxwytXlS",64706049,,,64706049,jdoriajr,,,521,17961,Thu Aug 05 2021 21:49:53 GMT-0300 (Brasilia Standard Time),Thu Jul 15 2021 15:45:20 GMT-0300 (Brasilia Standard Time)
O Bolsa do Povo Educação é mais um programa da Rede de Proteção Social do Governo do Estado de SP. Vai qualificar e… https://t.co/pMLBoXG8uE,64706049,,,64706049,jdoriajr,,,36,451,Thu Aug 05 2021 21:49:53 GMT-0300 (Brasilia Standard Time),Thu Jul 15 2021 12:32:07 GMT-0300 (Brasilia Standard Time)
"Novo tempo 

Até o dia 20 de agosto, toda a população adulta de SP estará vacinada contra a Covid-19 com ao menos u… https://t.co/O9x1wNGLiE",64706049,,,64706049,jdoriajr,,,152,2866,Thu Aug 05 2021 21:49:53 GMT-0300 (Brasilia Standard Time),Thu Jul 15 2021 07:59:21 GMT-0300 (Brasilia Standard Time)
"O Governo de SP vai contratar 20 mil pais de alunos da rede estadual de ensino. Será pago auxílio de R$ 500,00 para… https://t.co/IyfKKyavI6",64706049,,,64706049,jdoriajr,,,335,6999,Thu Aug 05 2021 21:49:53 GMT-0300 (Brasilia Standard Time),Wed Jul 14 2021 22:29:31 GMT-0300 (Brasilia Standard Time)
"Após 536 mil brasileiros mortos por Covid-19, Ministério da Saúde do Governo Bolsonaro descobre e anuncia que cloro… https://t.co/cYDknwEFpk",64706049,,,64706049,jdoriajr,,,1503,16026,Thu Aug 05 2021 21:49:53 GMT-0300 (Brasilia Standard Time),Wed Jul 14 2021 20:00:03 GMT-0300 (Brasilia Standard Time)
"Vacinas salvam vidas!

Entre março e junho de 2021, SP teve queda de 46% na letalidade da pandemia e 44% no número… https://t.co/Cr5E5WUnFr",64706049,,,64706049,jdoriajr,,,357,6678,Thu Aug 05 2021 21:49:53 GMT-0300 (Brasilia Standard Time),Wed Jul 14 2021 15:10:31 GMT-0300 (Brasilia Standard Time)
RT @governosp: https://t.co/muJZHFp00a,64706049,,,64706049,jdoriajr,,,25,0,Thu Aug 05 2021 21:49:53 GMT-0300 (Brasilia Standard Time),Wed Jul 14 2021 12:47:23 GMT-0300 (Brasilia Standard Time)
"Dia de bons anúncios na nossa coletiva de imprensa semanal. Vamos falar sobre entrega de vacinas, proteção social e… https://t.co/0LjzZ3Gp32",64706049,,,64706049,jdoriajr,,,26,528,Thu Aug 05 2021 21:49:53 GMT-0300 (Brasilia Standard Time),Wed Jul 14 2021 12:14:44 GMT-0300 (Brasilia Standard Time)
"Confira reportagem do Jornal Nacional sobre o uso das bodycams pela Polícia Militar de SP, equipamento incorporado… https://t.co/0zJXjVScyG",64706049,,,64706049,jdoriajr,,,183,2699,Thu Aug 05 2021 21:49:53 GMT-0300 (Brasilia Standard Time),Wed Jul 14 2021 11:43:51 GMT-0300 (Brasilia Standard Time)
@WanmingYang Muito obrigado Embaixador @WanmingYang. Juntos em defesa das vacinas e da vida.,64706049,,,64706049,jdoriajr,,,4,218,Thu Aug 05 2021 21:49:53 GMT-0300 (Brasilia Standard Time),Wed Jul 14 2021 11:10:02 GMT-0300 (Brasilia Standard Time)
"Mais vacinas para o Brasil   

Estamos no Instituto Butantan liberando mais 1 milhão de doses da vacina. Hoje 800 m… https://t.co/arhcA60IlF",64706049,,,64706049,jdoriajr,,,268,7278,Thu Aug 05 2021 21:49:53 GMT-0300 (Brasilia Standard Time),Wed Jul 14 2021 08:34:41 GMT-0300 (Brasilia Standard Time)
O estado de São Paulo superou hoje marca de 60% da população adulta vacinada com a primeira dose contra a Covid-19.… https://t.co/qpYehG5i1p,64706049,,,64706049,jdoriajr,,,818,20197,Thu Aug 05 2021 21:49:53 GMT-0300 (Brasilia Standard Time),Tue Jul 13 2021 18:37:21 GMT-0300 (Brasilia Standard Time)
"Reconhecimento merecido aos nossos heróis 

Homenageamos 23 policiais militares, civis e técnico-científicos que se… https://t.co/MHL00QFZax",64706049,,,64706049,jdoriajr,,,51,1165,Thu Aug 05 2021 21:49:53 GMT-0300 (Brasilia Standard Time),Tue Jul 13 2021 12:51:35 GMT-0300 (Brasilia Standard Time)
Insumos para a produção de mais 20 milhões de doses da vacina já em solo brasileiro. Daqui do Aeroporto de Guarulho… https://t.co/Bl8Vw7oDPg,64706049,,,64706049,jdoriajr,,,256,5755,Thu Aug 05 2021 21:49:53 GMT-0300 (Brasilia Standard Time),Tue Jul 13 2021 06:00:45 GMT-0300 (Brasilia Standard Time)
@wagner8marinho Bom dia! Essas doses serão para todos os estados. O Butantan já entregou mais de 53 milhões de dose… https://t.co/M8t2G3dU0Z,64706049,,,64706049,jdoriajr,,,1,19,Thu Aug 05 2021 21:49:53 GMT-0300 (Brasilia Standard Time),Tue Jul 13 2021 04:31:45 GMT-0300 (Brasilia Standard Time)
@gaaabrielribeir Bora! Vou te vacinar 💉🐊,64706049,,,64706049,jdoriajr,,,1,8,Thu Aug 05 2021 21:49:53 GMT-0300 (Brasilia Standard Time),Tue Jul 13 2021 04:27:43 GMT-0300 (Brasilia Standard Time)
